3263650,9997
